0.1
0.109090909091
0.118181818182
0.127272727273
0.136363636364
0.145454545455
0.154545454545
0.163636363636
0.172727272727
0.181818181818
0.190909090909
0.2
0.209090909091
0.218181818182
0.227272727273
0.236363636364
0.245454545455
0.254545454545
0.263636363636
0.272727272727
0.281818181818
0.290909090909
0.3
0.309090909091
0.318181818182
0.327272727273
0.336363636364
0.345454545455
0.354545454545
0.363636363636
0.372727272727
0.381818181818
0.390909090909
0.4
0.409090909091
0.418181818182
0.427272727273
0.436363636364
0.445454545455
0.454545454545
0.463636363636
0.472727272727
0.481818181818
0.490909090909
0.5
0.509090909091
0.518181818182
0.527272727273
0.536363636364
0.545454545455
0.554545454545
0.563636363636
0.572727272727
0.581818181818
0.590909090909
0.6
0.609090909091
0.618181818182
0.627272727273
0.636363636364
0.645454545455
0.654545454545
0.663636363636
0.672727272727
0.681818181818
0.690909090909
0.7
0.709090909091
0.718181818182
0.727272727273
0.736363636364
0.745454545455
0.754545454545
0.763636363636
0.772727272727
0.781818181818
0.790909090909
0.8
0.809090909091
0.818181818182
0.827272727273
0.836363636364
0.845454545455
0.854545454545
0.863636363636
0.872727272727
0.881818181818
0.890909090909
0.9
0.909090909091
0.918181818182
0.927272727273
0.936363636364
0.945454545455
0.954545454545
0.963636363636
0.972727272727
0.981818181818
0.990909090909
1.0
