-51.2838623192
-50.9923285657
-50.7219311732
-50.4696236458
-50.2329809644
-50.0100405513
-49.7991911692
-49.5990933783
-49.4086213553
-49.2268195304
-49.0528697253
-48.8860658779
-48.7257943392
-48.571518329
-48.4227655384
-48.2791181416
-48.1402046758
-48.0056933851
-47.8752867206
-47.748716764
-47.6257413947
-47.5061410592
-47.3897160322
-47.276284083
-47.1656784763
-47.0577462515
-46.9523467358
-46.8493502526
-46.7486369968
-46.6500960499
-46.5536245163
-46.459126762
-46.3665137415
-46.275702402
-46.1866151533
-46.0991793952
-46.0133270953
-45.9289944108
-45.8461213485
-45.7646514591
-45.6845315609
-45.6057114908
-45.5281438778
-45.4517839382
-45.3765892885
-45.302519776
-45.2295373233
-45.1576057865
-45.0866908254
-45.0167597845
-44.9477815835
-44.8797266166
-44.8125666602
-44.746274787
-44.6808252874
-44.6161935964
-44.552356226
-44.4892907027
-44.4269755091
-44.3653900303
-44.3045145033
-44.2443299706
-44.1848182361
-44.1259618252
-44.067743946
-44.0101484545
-43.9531598209
-43.8967630989
-43.8409438963
-43.7856883478
-43.7309830892
-43.6768152334
-43.6231723479
-43.570042433
-43.5174139023
-43.4652755631
-43.4136165993
-43.3624265539
-43.3116953134
-43.2614130929
-43.2115704214
-43.162158129
-43.1131673334
-43.0645894287
-43.0164160732
-42.9686391791
-42.9212509016
-42.87424363
-42.8276099775
-42.7813427731
-42.7354350525
-42.6898800511
-42.6446711951
-42.5998020956
-42.5552665407
-42.5110584893
-42.4671720649
-42.4236015495
-42.3803413779
-42.3373861322
